t_T = [0.0000E+00  -7.0000E+00
5.0000E+02	-7.0000E+00
1.0000E+03	-7.0000E+00
1.5000E+03	-7.0000E+00
2.0000E+03	-7.0000E+00
2.5000E+03	-7.0000E+00
3.0000E+03	-7.0000E+00
3.5000E+03	-7.0000E+00
4.0000E+03	-7.0000E+00
4.5000E+03	-7.0000E+00
5.0000E+03	-7.0000E+00
5.5000E+03	-7.0000E+00
6.0000E+03	-7.0000E+00
6.5000E+03	-7.0000E+00
7.0000E+03	-7.0000E+00
7.5000E+03	-7.0000E+00
8.0000E+03	-7.0000E+00
8.5000E+03	-7.0000E+00
9.0000E+03	-7.0000E+00
9.5000E+03	-7.0000E+00
1.0000E+04	-7.0000E+00
1.0500E+04	-7.0000E+00
1.1000E+04	-7.0000E+00
1.1500E+04	-7.0000E+00
1.2000E+04	-7.0000E+00
1.2500E+04	-7.0000E+00
1.3000E+04	-7.0000E+00
1.3500E+04	-7.0000E+00
1.4000E+04	-7.0000E+00
1.4500E+04	-7.0000E+00
1.5000E+04	-7.0000E+00
1.5500E+04	-7.0000E+00
1.6000E+04	-7.0000E+00
1.6500E+04	-7.0000E+00
1.7000E+04	-7.0000E+00
1.7500E+04	-7.0000E+00
1.8000E+04	-7.0000E+00
1.8500E+04	-7.0000E+00
1.9000E+04	-7.0000E+00
1.9500E+04	-7.0000E+00
2.0000E+04	-7.0000E+00
2.0500E+04	-7.0000E+00
2.1000E+04	-7.0000E+00
2.1500E+04	-7.0000E+00
2.2000E+04	-7.0000E+00
2.2500E+04	-7.0000E+00
2.3000E+04	-7.0000E+00
2.3500E+04	-7.0000E+00
2.4000E+04	-7.0000E+00
2.4500E+04	-7.0000E+00
2.5000E+04	-7.0000E+00
2.5500E+04	-7.0000E+00
2.6000E+04	-7.0000E+00
2.6500E+04	-7.0000E+00
2.7000E+04	-7.0000E+00
2.7500E+04	-7.0000E+00
2.8000E+04	-7.0000E+00
2.8500E+04	-7.0000E+00
2.9000E+04	-7.0000E+00
2.9500E+04	-7.0000E+00
3.0000E+04	-7.0000E+00
3.0500E+04	-7.0000E+00
3.1000E+04	-7.0000E+00
3.1500E+04	-7.0000E+00
3.2000E+04	-7.0000E+00
3.2500E+04	-7.0000E+00
3.3000E+04	-7.0000E+00
3.3500E+04	-7.0000E+00
3.4000E+04	-7.0000E+00
3.4500E+04	-7.0000E+00
3.5000E+04	-7.0000E+00
3.5500E+04	-7.0000E+00
3.6000E+04	-7.0000E+00
3.6500E+04	-7.0000E+00
3.7000E+04	-7.0000E+00
3.7500E+04	-7.0000E+00
3.8000E+04	-7.0000E+00
3.8500E+04	-7.0000E+00
3.9000E+04	-7.0000E+00
3.9500E+04	-7.0000E+00
4.0000E+04	-7.0000E+00
4.0500E+04	-7.0000E+00
4.1000E+04	-7.0000E+00
4.1500E+04	-7.0000E+00
4.2000E+04	-7.0000E+00
4.2500E+04	-7.0000E+00
4.3000E+04	-7.0000E+00
4.3500E+04	-7.0000E+00
4.4000E+04	-7.0000E+00
4.4500E+04	-7.0000E+00
4.5000E+04	-7.0000E+00
4.5500E+04	-7.0000E+00
4.6000E+04	-7.0000E+00
4.6500E+04	-7.0000E+00
4.7000E+04	-7.0000E+00
4.7500E+04	-7.0000E+00
4.8000E+04	-7.0000E+00
4.8500E+04	-7.0000E+00
4.9000E+04	-7.0000E+00
4.9500E+04	-7.0000E+00
5.0000E+04	-7.0000E+00
5.0500E+04	-7.0000E+00
5.1000E+04	-7.0000E+00
5.1500E+04	-7.0000E+00
5.2000E+04	-7.0000E+00
5.2500E+04	-7.0000E+00
5.3000E+04	-7.0000E+00
5.3500E+04	-7.0000E+00
5.4000E+04	-7.0000E+00
5.4500E+04	-7.0000E+00
5.5000E+04	-7.0000E+00
5.5500E+04	-7.0000E+00
5.6000E+04	-7.0000E+00
5.6500E+04	-7.0000E+00
5.7000E+04	-7.0000E+00
5.7500E+04	-7.0000E+00
5.8000E+04	-7.0000E+00
5.8500E+04	-7.0000E+00
5.9000E+04	-7.0000E+00
5.9500E+04	-7.0000E+00
6.0000E+04	-7.0000E+00
6.0500E+04	-7.0000E+00
6.1000E+04	-7.0000E+00
6.1500E+04	-7.0000E+00
6.2000E+04	-7.0000E+00
6.2500E+04	-7.0000E+00
6.3000E+04	-7.0000E+00
6.3500E+04	-7.0000E+00
6.4000E+04	-7.0000E+00
6.4500E+04	-7.0000E+00
6.5000E+04	-7.0000E+00
6.5500E+04	-7.0000E+00
6.6000E+04	-7.0000E+00
6.6500E+04	-7.0000E+00
6.7000E+04	-7.0000E+00
6.7500E+04	-7.0000E+00
6.8000E+04	-7.0000E+00
6.8500E+04	-7.0000E+00
6.9000E+04	-7.0000E+00
6.9500E+04	-7.0000E+00
7.0000E+04	-7.0000E+00
7.0500E+04	-7.0000E+00
7.1000E+04	-7.0000E+00
7.1500E+04	-7.0000E+00
7.2000E+04	-7.0000E+00
7.2500E+04	-7.0000E+00
7.3000E+04	-7.0000E+00
7.3500E+04	-7.0000E+00
7.4000E+04	-7.0000E+00
7.4500E+04	-7.0000E+00
7.5000E+04	-7.0000E+00
7.5500E+04	-7.0000E+00
7.6000E+04	-7.0000E+00
7.6500E+04	-7.0000E+00
7.7000E+04	-7.0000E+00
7.7500E+04	-7.0000E+00
7.8000E+04	-7.0000E+00
7.8500E+04	-7.0000E+00
7.9000E+04	-7.0000E+00
7.9500E+04	-7.0000E+00
8.0000E+04	-7.0000E+00
8.0500E+04	-7.0000E+00
8.1000E+04	-7.0000E+00
8.1500E+04	-7.0000E+00
8.2000E+04	-7.0000E+00
8.2500E+04	-7.0000E+00
8.3000E+04	-7.0000E+00
8.3500E+04	-7.0000E+00
8.4000E+04	-7.0000E+00
8.4500E+04	-7.0000E+00
8.5000E+04	-7.0000E+00
8.5500E+04	-7.0000E+00
8.6000E+04	-7.0000E+00
8.6500E+04	-7.0000E+00
8.7000E+04	-7.0000E+00
8.7500E+04	-7.0000E+00
8.8000E+04	-7.0000E+00
8.8500E+04	-7.0000E+00
8.9000E+04	-7.0000E+00
8.9500E+04	-7.0000E+00
9.0000E+04	-7.0000E+00
9.0500E+04	7.0000E+00
9.1000E+04	7.0000E+00
9.1500E+04	7.0000E+00
9.2000E+04	7.0000E+00
9.2500E+04	7.0000E+00
9.3000E+04	7.0000E+00
9.3500E+04	7.0000E+00
9.4000E+04	7.0000E+00
9.4500E+04	7.0000E+00
9.5000E+04	7.0000E+00
9.5500E+04	7.0000E+00
9.6000E+04	7.0000E+00
9.6500E+04	7.0000E+00
9.7000E+04	7.0000E+00
9.7500E+04	7.0000E+00
9.8000E+04	7.0000E+00
9.8500E+04	7.0000E+00
9.9000E+04	7.0000E+00
9.9500E+04	7.0000E+00
1.0000E+05	7.0000E+00
1.0050E+05	7.0000E+00
1.0100E+05	7.0000E+00
1.0150E+05	7.0000E+00
1.0200E+05	7.0000E+00
1.0250E+05	7.0000E+00
1.0300E+05	7.0000E+00
1.0350E+05	7.0000E+00
1.0400E+05	7.0000E+00
1.0450E+05	7.0000E+00
1.0500E+05	7.0000E+00
1.0550E+05	7.0000E+00
1.0600E+05	7.0000E+00
1.0650E+05	7.0000E+00
1.0700E+05	7.0000E+00
1.0750E+05	7.0000E+00
1.0800E+05	7.0000E+00
1.0850E+05	7.0000E+00
1.0900E+05	7.0000E+00
1.0950E+05	7.0000E+00
1.1000E+05	7.0000E+00
1.1050E+05	-7.0000E+00
1.1100E+05	-7.0000E+00
1.1150E+05	-7.0000E+00
1.1200E+05	-7.0000E+00
1.1250E+05	-7.0000E+00
1.1300E+05	-7.0000E+00
1.1350E+05	-7.0000E+00
1.1400E+05	-7.0000E+00
1.1450E+05	-7.0000E+00
1.1500E+05	-7.0000E+00
1.1550E+05	-7.0000E+00
1.1600E+05	-7.0000E+00
1.1650E+05	-7.0000E+00
1.1700E+05	-7.0000E+00
1.1750E+05	-7.0000E+00
1.1800E+05	-7.0000E+00
1.1850E+05	-7.0000E+00
1.1900E+05	-7.0000E+00
1.1950E+05	-7.0000E+00
1.2000E+05	-7.0000E+00
1.2050E+05	-7.0000E+00
1.2100E+05	-7.0000E+00
1.2150E+05	-7.0000E+00
1.2200E+05	-7.0000E+00
1.2250E+05	-7.0000E+00
1.2300E+05	-7.0000E+00
1.2350E+05	-7.0000E+00
1.2400E+05	-7.0000E+00
1.2450E+05	-7.0000E+00
1.2500E+05	-7.0000E+00
1.2550E+05	-7.0000E+00
1.2600E+05	-7.0000E+00
1.2650E+05	-7.0000E+00
1.2700E+05	-7.0000E+00
1.2750E+05	-7.0000E+00
1.2800E+05	-7.0000E+00
1.2850E+05	-7.0000E+00
1.2900E+05	-7.0000E+00
1.2950E+05	-7.0000E+00
1.3000E+05	-7.0000E+00
1.3050E+05	-7.0000E+00
1.3100E+05	-7.0000E+00
1.3150E+05	-7.0000E+00
1.3200E+05	-7.0000E+00
1.3250E+05	-7.0000E+00
1.3300E+05	-7.0000E+00
1.3350E+05	-7.0000E+00
1.3400E+05	-7.0000E+00
1.3450E+05	-7.0000E+00
1.3500E+05	-7.0000E+00
1.3550E+05	-7.0000E+00
1.3600E+05	-7.0000E+00
1.3650E+05	-7.0000E+00
1.3700E+05	-7.0000E+00
1.3750E+05	-7.0000E+00
1.3800E+05	-7.0000E+00
1.3850E+05	-7.0000E+00
1.3900E+05	-7.0000E+00
1.3950E+05	-7.0000E+00
1.4000E+05	-7.0000E+00
1.4050E+05	-7.0000E+00
1.4100E+05	-7.0000E+00
1.4150E+05	-7.0000E+00
1.4200E+05	-7.0000E+00
1.4250E+05	-7.0000E+00
1.4300E+05	-7.0000E+00
1.4350E+05	-7.0000E+00
1.4400E+05	-7.0000E+00
1.4450E+05	-7.0000E+00
1.4500E+05	-7.0000E+00
1.4550E+05	-7.0000E+00
1.4600E+05	-7.0000E+00
1.4650E+05	-7.0000E+00
1.4700E+05	-7.0000E+00
1.4750E+05	-7.0000E+00
1.4800E+05	-7.0000E+00
1.4850E+05	-7.0000E+00
1.4900E+05	-7.0000E+00
1.4950E+05	-7.0000E+00
1.5000E+05	-7.0000E+00
1.5050E+05	-7.0000E+00
1.5100E+05	-7.0000E+00
1.5150E+05	-7.0000E+00
1.5200E+05	-7.0000E+00
1.5250E+05	-7.0000E+00
1.5300E+05	-7.0000E+00
1.5350E+05	-7.0000E+00
1.5400E+05	-7.0000E+00
1.5450E+05	-7.0000E+00
1.5500E+05	-7.0000E+00
1.5550E+05	-7.0000E+00
1.5600E+05	-7.0000E+00
1.5650E+05	-7.0000E+00
1.5700E+05	-7.0000E+00
1.5750E+05	-7.0000E+00
1.5800E+05	-7.0000E+00
1.5850E+05	-7.0000E+00
1.5900E+05	-7.0000E+00
1.5950E+05	-7.0000E+00
1.6000E+05	-7.0000E+00
1.6050E+05	-7.0000E+00
1.6100E+05	-7.0000E+00
1.6150E+05	-7.0000E+00
1.6200E+05	-7.0000E+00
1.6250E+05	-7.0000E+00
1.6300E+05	-7.0000E+00
1.6350E+05	-7.0000E+00
1.6400E+05	-7.0000E+00
1.6450E+05	-7.0000E+00
1.6500E+05	-7.0000E+00
1.6550E+05	-7.0000E+00
1.6600E+05	-7.0000E+00
1.6650E+05	-7.0000E+00
1.6700E+05	-7.0000E+00
1.6750E+05	-7.0000E+00
1.6800E+05	-7.0000E+00
1.6850E+05	-7.0000E+00
1.6900E+05	-7.0000E+00
1.6950E+05	-7.0000E+00
1.7000E+05	-7.0000E+00
1.7050E+05	-7.0000E+00
1.7100E+05	-7.0000E+00
1.7150E+05	-7.0000E+00
1.7200E+05	-7.0000E+00
1.7250E+05	-7.0000E+00
1.7300E+05	-7.0000E+00
1.7350E+05	-7.0000E+00
1.7400E+05	-7.0000E+00
